0.250 -0.079 0.093 0 217
0.249 -0.079 0.093 0 218
0.250 -0.081 0.093 0 219
0.250 -0.082 0.093 0 220
0.250 -0.083 0.093 0 221
0.250 -0.084 0.094 0 222
0.250 -0.085 0.094 0 223
0.249 -0.085 0.093 0 224
0.249 -0.085 0.093 0 225
0.248 -0.085 0.093 0 226
0.248 -0.086 0.093 0 227
0.247 -0.086 0.093 0 228
0.246 -0.086 0.092 0 229
0.245 -0.086 0.092 0 230
0.245 -0.087 0.092 0 231
0.244 -0.087 0.092 0 232
0.244 -0.088 0.092 0 233
0.243 -0.087 0.091 0 234
0.243 -0.088 0.091 0 235
0.242 -0.088 0.091 0 236
0.241 -0.088 0.091 0 237
0.241 -0.089 0.091 0 238
0.241 -0.090 0.091 0 239
0.251 -0.080 0.093 1 217
0.250 -0.080 0.093 1 218
0.250 -0.081 0.093 1 219
0.251 -0.083 0.093 1 220
0.251 -0.084 0.093 1 221
0.251 -0.085 0.093 1 222
0.250 -0.085 0.093 1 223
0.250 -0.085 0.093 1 224
0.249 -0.085 0.092 1 225
0.249 -0.086 0.092 1 226
0.247 -0.085 0.092 1 227
0.247 -0.086 0.092 1 228
0.247 -0.087 0.092 1 229
0.246 -0.087 0.091 1 230
0.245 -0.087 0.091 1 231
0.245 -0.088 0.091 1 232
0.244 -0.087 0.091 1 233
0.243 -0.087 0.090 1 234
0.243 -0.088 0.090 1 235
0.243 -0.089 0.091 1 236
0.242 -0.089 0.090 1 237
0.242 -0.090 0.090 1 238
0.242 -0.091 0.090 1 239
0.251 -0.080 0.092 2 217
0.250 -0.080 0.092 2 218
0.250 -0.081 0.092 2 219
0.251 -0.083 0.092 2 220
0.251 -0.084 0.092 2 221
0.251 -0.085 0.092 2 222
0.250 -0.085 0.092 2 223
0.250 -0.085 0.092 2 224
0.249 -0.085 0.092 2 225
0.248 -0.085 0.091 2 226
0.248 -0.086 0.091 2 227
0.247 -0.086 0.091 2 228
0.246 -0.086 0.091 2 229
0.246 -0.087 0.091 2 230
0.246 -0.088 0.091 2 231
0.245 -0.088 0.090 2 232
0.245 -0.089 0.090 2 233
0.244 -0.088 0.090 2 234
0.244 -0.089 0.090 2 235
0.243 -0.089 0.090 2 236
0.243 -0.090 0.090 2 237
0.242 -0.090 0.089 2 238
0.242 -0.091 0.090 2 239
0.250 -0.078 0.091 3 216
0.251 -0.080 0.091 3 217
0.250 -0.080 0.091 3 218
0.250 -0.081 0.091 3 219
0.251 -0.083 0.091 3 220
0.251 -0.084 0.091 3 221
0.251 -0.085 0.091 3 222
0.250 -0.084 0.091 3 223
0.250 -0.085 0.091 3 224
0.248 -0.084 0.090 3 225
0.248 -0.085 0.090 3 226
0.248 -0.086 0.090 3 227
0.248 -0.087 0.091 3 228
0.247 -0.087 0.090 3 229
0.246 -0.087 0.090 3 230
0.246 -0.088 0.090 3 231
0.245 -0.088 0.090 3 232
0.245 -0.088 0.090 3 233
0.245 -0.089 0.090 3 234
0.244 -0.089 0.089 3 235
0.244 -0.090 0.089 3 236
0.243 -0.090 0.089 3 237
0.243 -0.091 0.089 3 238
0.243 -0.092 0.089 3 239
0.250 -0.078 0.090 4 216
0.251 -0.080 0.090 4 217
0.249 -0.079 0.090 4 218
0.250 -0.081 0.090 4 219
0.251 -0.083 0.091 4 220
0.251 -0.084 0.091 4 221
0.251 -0.084 0.091 4 222
0.250 -0.084 0.090 4 223
0.250 -0.085 0.090 4 224
0.249 -0.085 0.090 4 225
0.248 -0.085 0.090 4 226
0.248 -0.086 0.090 4 227
0.248 -0.087 0.090 4 228
0.248 -0.088 0.090 4 229
0.247 -0.088 0.089 4 230
0.247 -0.089 0.089 4 231
0.246 -0.089 0.089 4 232
0.246 -0.090 0.089 4 233
0.246 -0.090 0.089 4 234
0.245 -0.090 0.089 4 235
0.244 -0.090 0.089 4 236
0.244 -0.091 0.089 4 237
0.243 -0.091 0.088 4 238
0.243 -0.092 0.088 4 239
0.250 -0.078 0.089 5 216
0.251 -0.080 0.090 5 217
0.250 -0.080 0.089 5 218
0.250 -0.081 0.089 5 219
0.251 -0.083 0.090 5 220
0.251 -0.084 0.090 5 221
0.251 -0.084 0.090 5 222
0.250 -0.084 0.089 5 223
0.250 -0.085 0.089 5 224
0.249 -0.085 0.089 5 225
0.249 -0.086 0.089 5 226
0.249 -0.087 0.089 5 227
0.248 -0.087 0.089 5 228
0.248 -0.088 0.089 5 229
0.248 -0.089 0.089 5 230
0.247 -0.089 0.089 5 231
0.247 -0.090 0.089 5 232
0.247 -0.091 0.089 5 233
0.246 -0.090 0.088 5 234
0.246 -0.091 0.089 5 235
0.245 -0.091 0.088 5 236
0.244 -0.091 0.088 5 237
0.244 -0.092 0.088 5 238
0.244 -0.093 0.088 5 239
0.251 -0.080 0.089 6 217
0.250 -0.080 0.088 6 218
0.250 -0.081 0.088 6 219
0.251 -0.083 0.089 6 220
0.251 -0.083 0.089 6 221
0.250 -0.083 0.089 6 222
0.250 -0.084 0.089 6 223
0.250 -0.085 0.089 6 224
0.249 -0.085 0.088 6 225
0.248 -0.085 0.088 6 226
0.248 -0.086 0.088 6 227
0.248 -0.087 0.088 6 228
0.248 -0.088 0.088 6 229
0.248 -0.089 0.088 6 230
0.247 -0.089 0.088 6 231
0.247 -0.090 0.088 6 232
0.246 -0.089 0.088 6 233
0.246 -0.090 0.088 6 234
0.246 -0.091 0.088 6 235
0.245 -0.091 0.087 6 236
0.245 -0.092 0.087 6 237
0.244 -0.092 0.087 6 238
0.244 -0.093 0.087 6 239
0.251 -0.080 0.088 7 217
0.250 -0.080 0.088 7 218
0.250 -0.081 0.088 7 219
0.250 -0.082 0.088 7 220
0.250 -0.083 0.088 7 221
0.250 -0.083 0.088 7 222
0.250 -0.084 0.088 7 223
0.250 -0.085 0.088 7 224
0.249 -0.085 0.088 7 225
0.249 -0.086 0.088 7 226
0.248 -0.086 0.087 7 227
0.248 -0.087 0.087 7 228
0.248 -0.088 0.087 7 229
0.247 -0.088 0.087 7 230
0.247 -0.089 0.087 7 231
0.247 -0.090 0.087 7 232
0.246 -0.089 0.087 7 233
0.246 -0.090 0.087 7 234
0.246 -0.091 0.087 7 235
0.245 -0.091 0.087 7 236
0.245 -0.092 0.087 7 237
0.244 -0.092 0.086 7 238
0.244 -0.093 0.086 7 239
0.251 -0.080 0.087 8 217
0.249 -0.079 0.086 8 218
0.250 -0.081 0.087 8 219
0.250 -0.082 0.087 8 220
0.250 -0.082 0.087 8 221
0.250 -0.083 0.087 8 222
0.249 -0.083 0.087 8 223
0.250 -0.085 0.087 8 224
0.249 -0.085 0.087 8 225
0.249 -0.086 0.087 8 226
0.248 -0.086 0.086 8 227
0.248 -0.087 0.087 8 228
0.248 -0.088 0.087 8 229
0.248 -0.089 0.087 8 230
0.248 -0.090 0.087 8 231
0.247 -0.090 0.086 8 232
0.246 -0.089 0.086 8 233
0.246 -0.090 0.086 8 234
0.246 -0.091 0.086 8 235
0.245 -0.091 0.086 8 236
0.245 -0.092 0.086 8 237
0.244 -0.092 0.086 8 238
0.244 -0.093 0.086 8 239
0.251 -0.080 0.086 9 217
0.250 -0.081 0.086 9 219
0.250 -0.082 0.086 9 220
0.250 -0.082 0.086 9 221
0.250 -0.083 0.086 9 222
0.250 -0.084 0.086 9 223
0.249 -0.084 0.086 9 224
0.249 -0.085 0.086 9 225
0.249 -0.086 0.086 9 226
0.248 -0.086 0.086 9 227
0.248 -0.087 0.086 9 228
0.248 -0.088 0.086 9 229
0.247 -0.088 0.085 9 230
0.247 -0.089 0.085 9 231
0.247 -0.089 0.086 9 232
0.246 -0.089 0.085 9 233
0.245 -0.089 0.085 9 234
0.245 -0.090 0.085 9 235
0.245 -0.091 0.085 9 236
0.245 -0.092 0.085 9 237
0.244 -0.092 0.085 9 238
0.244 -0.093 0.085 9 239
0.251 -0.080 0.085 10 217
0.250 -0.081 0.085 10 219
0.249 -0.081 0.085 10 220
0.250 -0.082 0.085 10 221
0.250 -0.083 0.085 10 222
0.249 -0.083 0.085 10 223
0.250 -0.085 0.085 10 224
0.250 -0.086 0.085 10 225
0.249 -0.086 0.085 10 226
0.249 -0.087 0.085 10 227
0.248 -0.087 0.085 10 228
0.248 -0.088 0.085 10 229
0.247 -0.088 0.085 10 230
0.247 -0.088 0.085 10 231
0.247 -0.089 0.085 10 232
0.246 -0.089 0.084 10 233
0.246 -0.090 0.084 10 234
0.245 -0.090 0.084 10 235
0.245 -0.091 0.084 10 236
0.245 -0.092 0.084 10 237
0.245 -0.093 0.084 10 238
0.244 -0.093 0.084 10 239
0.250 -0.081 0.084 11 219
0.250 -0.081 0.084 11 220
0.250 -0.082 0.084 11 221
0.250 -0.083 0.085 11 222
0.250 -0.084 0.085 11 223
0.250 -0.085 0.085 11 224
0.250 -0.086 0.085 11 225
0.249 -0.086 0.084 11 226
0.249 -0.087 0.084 11 227
0.248 -0.087 0.084 11 228
0.248 -0.088 0.084 11 229
0.248 -0.089 0.084 11 230
0.247 -0.088 0.084 11 231
0.247 -0.089 0.084 11 232
0.246 -0.089 0.084 11 233
0.246 -0.090 0.084 11 234
0.245 -0.090 0.083 11 235
0.245 -0.091 0.083 11 236
0.245 -0.092 0.084 11 237
0.244 -0.092 0.083 11 238
0.244 -0.093 0.083 11 239
0.251 -0.080 0.084 12 217
0.250 -0.081 0.084 12 219
0.250 -0.081 0.084 12 220
0.250 -0.082 0.084 12 221
0.250 -0.083 0.084 12 222
0.250 -0.084 0.084 12 223
0.250 -0.085 0.084 12 224
0.249 -0.085 0.083 12 225
0.249 -0.086 0.084 12 226
0.249 -0.087 0.084 12 227
0.248 -0.087 0.083 12 228
0.248 -0.088 0.083 12 229
0.247 -0.088 0.083 12 230
0.247 -0.088 0.083 12 231
0.246 -0.088 0.083 12 232
0.246 -0.089 0.083 12 233
0.246 -0.090 0.083 12 234
0.246 -0.091 0.083 12 235
0.245 -0.091 0.083 12 236
0.245 -0.092 0.083 12 237
0.245 -0.093 0.083 12 238
0.244 -0.093 0.083 12 239
0.249 -0.080 0.083 13 219
0.250 -0.081 0.083 13 220
0.250 -0.082 0.083 13 221
0.250 -0.083 0.083 13 222
0.250 -0.084 0.083 13 223
0.249 -0.084 0.083 13 224
0.249 -0.085 0.083 13 225
0.249 -0.086 0.083 13 226
0.249 -0.087 0.083 13 227
0.248 -0.087 0.082 13 228
0.248 -0.088 0.083 13 229
0.248 -0.089 0.083 13 230
0.247 -0.088 0.082 13 231
0.246 -0.088 0.082 13 232
0.246 -0.089 0.082 13 233
0.245 -0.089 0.082 13 234
0.245 -0.090 0.082 13 235
0.244 -0.090 0.082 13 236
0.244 -0.091 0.082 13 237
0.244 -0.092 0.082 13 238
0.244 -0.093 0.082 13 239
0.250 -0.079 0.082 14 217
0.249 -0.080 0.082 14 219
0.250 -0.081 0.082 14 220
0.250 -0.082 0.082 14 221
0.249 -0.082 0.082 14 222
0.249 -0.083 0.082 14 223
0.249 -0.084 0.082 14 224
0.249 -0.085 0.082 14 225
0.249 -0.086 0.082 14 226
0.248 -0.086 0.082 14 227
0.248 -0.087 0.082 14 228
0.248 -0.088 0.082 14 229
0.248 -0.089 0.082 14 230
0.247 -0.088 0.082 14 231
0.246 -0.088 0.081 14 232
0.246 -0.089 0.081 14 233
0.245 -0.089 0.081 14 234
0.245 -0.090 0.081 14 235
0.244 -0.090 0.081 14 236
0.244 -0.091 0.081 14 237
0.243 -0.090 0.081 14 238
0.243 -0.091 0.081 14 239
0.250 -0.079 0.081 15 217
0.249 -0.080 0.081 15 219
0.249 -0.080 0.081 15 220
0.250 -0.082 0.081 15 221
0.250 -0.083 0.081 15 222
0.249 -0.083 0.081 15 223
0.249 -0.084 0.081 15 224
0.249 -0.085 0.081 15 225
0.249 -0.086 0.081 15 226
0.249 -0.087 0.081 15 227
0.248 -0.087 0.081 15 228
0.248 -0.088 0.081 15 229
0.247 -0.087 0.081 15 230
0.246 -0.087 0.080 15 231
0.246 -0.088 0.080 15 232
0.245 -0.088 0.080 15 233
0.245 -0.089 0.080 15 234
0.245 -0.090 0.080 15 235
0.245 -0.091 0.080 15 236
0.243 -0.089 0.080 15 237
0.243 -0.090 0.080 15 238
0.244 -0.092 0.080 15 239
0.250 -0.079 0.080 16 217
0.250 -0.080 0.080 16 219
0.250 -0.081 0.080 16 220
0.250 -0.082 0.080 16 221
0.250 -0.083 0.080 16 222
0.250 -0.084 0.080 16 223
0.250 -0.085 0.081 16 224
0.249 -0.085 0.080 16 225
0.249 -0.086 0.080 16 226
0.249 -0.087 0.080 16 227
0.248 -0.087 0.080 16 228
0.248 -0.088 0.080 16 229
0.247 -0.087 0.080 16 230
0.247 -0.088 0.080 16 231
0.246 -0.088 0.080 16 232
0.246 -0.089 0.080 16 233
0.245 -0.089 0.079 16 234
0.245 -0.090 0.080 16 235
0.244 -0.090 0.079 16 236
0.243 -0.089 0.079 16 237
0.243 -0.090 0.079 16 238
0.243 -0.091 0.079 16 239
0.251 -0.080 0.080 17 217
0.250 -0.080 0.080 17 219
0.250 -0.081 0.080 17 220
0.251 -0.083 0.080 17 221
0.250 -0.083 0.080 17 222
0.250 -0.084 0.080 17 223
0.250 -0.085 0.080 17 224
0.249 -0.085 0.079 17 225
0.249 -0.086 0.080 17 226
0.248 -0.086 0.079 17 227
0.248 -0.087 0.079 17 228
0.248 -0.087 0.079 17 229
0.247 -0.087 0.079 17 230
0.247 -0.088 0.079 17 231
0.246 -0.088 0.079 17 232
0.246 -0.089 0.079 17 233
0.245 -0.089 0.079 17 234
0.245 -0.090 0.079 17 235
0.244 -0.090 0.079 17 236
0.244 -0.091 0.079 17 237
0.243 -0.090 0.078 17 238
0.242 -0.090 0.078 17 239
0.251 -0.080 0.079 18 217
0.250 -0.080 0.079 18 219
0.250 -0.081 0.079 18 220
0.250 -0.082 0.079 18 221
0.250 -0.083 0.079 18 222
0.250 -0.084 0.079 18 223
0.249 -0.084 0.079 18 224
0.249 -0.085 0.079 18 225
0.249 -0.086 0.079 18 226
0.248 -0.086 0.078 18 227
0.248 -0.087 0.079 18 228
0.248 -0.087 0.079 18 229
0.247 -0.087 0.078 18 230
0.246 -0.087 0.078 18 231
0.246 -0.088 0.078 18 232
0.246 -0.089 0.078 18 233
0.246 -0.090 0.078 18 234
0.245 -0.090 0.078 18 235
0.245 -0.091 0.078 18 236
0.244 -0.090 0.078 18 237
0.243 -0.090 0.078 18 238
0.242 -0.090 0.077 18 239
0.252 -0.080 0.078 19 217
0.250 -0.080 0.078 19 218
0.250 -0.080 0.078 19 219
0.251 -0.082 0.078 19 220
0.250 -0.082 0.078 19 221
0.250 -0.083 0.078 19 222
0.250 -0.084 0.078 19 223
0.249 -0.084 0.078 19 224
0.249 -0.085 0.078 19 225
0.249 -0.086 0.078 19 226
0.248 -0.086 0.078 19 227
0.248 -0.087 0.078 19 228
0.248 -0.087 0.078 19 229
0.248 -0.088 0.078 19 230
0.247 -0.088 0.078 19 231
0.246 -0.088 0.077 19 232
0.246 -0.089 0.077 19 233
0.246 -0.090 0.077 19 234
0.245 -0.090 0.077 19 235
0.245 -0.091 0.077 19 236
0.244 -0.090 0.077 19 237
0.243 -0.090 0.077 19 238
0.242 -0.090 0.077 19 239
0.251 -0.080 0.077 20 217
0.250 -0.080 0.077 20 219
0.250 -0.081 0.077 20 220
0.251 -0.083 0.077 20 221
0.251 -0.084 0.077 20 222
0.250 -0.084 0.077 20 223
0.250 -0.085 0.077 20 224
0.249 -0.085 0.077 20 225
0.249 -0.086 0.077 20 226
0.248 -0.086 0.077 20 227
0.248 -0.087 0.077 20 228
0.247 -0.086 0.077 20 229
0.247 -0.087 0.077 20 230
0.247 -0.088 0.077 20 231
0.246 -0.088 0.077 20 232
0.246 -0.089 0.077 20 233
0.245 -0.089 0.076 20 234
0.245 -0.090 0.076 20 235
0.245 -0.091 0.076 20 236
0.244 -0.090 0.076 20 237
0.243 -0.090 0.076 20 238
0.242 -0.090 0.076 20 239
0.251 -0.080 0.077 21 217
0.250 -0.080 0.076 21 219
0.250 -0.081 0.076 21 220
0.251 -0.083 0.077 21 221
0.251 -0.084 0.077 21 222
0.250 -0.084 0.076 21 223
0.250 -0.085 0.076 21 224
0.249 -0.085 0.076 21 225
0.248 -0.085 0.076 21 226
0.248 -0.086 0.076 21 227
0.248 -0.086 0.076 21 228
0.248 -0.087 0.076 21 229
0.247 -0.087 0.076 21 230
0.247 -0.088 0.076 21 231
0.246 -0.088 0.076 21 232
0.246 -0.089 0.076 21 233
0.245 -0.089 0.076 21 234
0.245 -0.090 0.076 21 235
0.245 -0.091 0.076 21 236
0.244 -0.090 0.075 21 237
0.243 -0.090 0.075 21 238
0.243 -0.091 0.075 21 239
0.251 -0.080 0.076 22 217
0.250 -0.079 0.076 22 218
0.250 -0.080 0.076 22 219
0.251 -0.082 0.076 22 220
0.251 -0.083 0.076 22 221
0.251 -0.084 0.076 22 222
0.250 -0.084 0.076 22 223
0.249 -0.084 0.075 22 224
0.249 -0.085 0.075 22 225
0.248 -0.085 0.075 22 226
0.248 -0.086 0.075 22 227
0.248 -0.086 0.075 22 228
0.248 -0.087 0.075 22 229
0.247 -0.087 0.075 22 230
0.247 -0.088 0.075 22 231
0.246 -0.088 0.075 22 232
0.246 -0.089 0.075 22 233
0.245 -0.089 0.075 22 234
0.245 -0.090 0.075 22 235
0.245 -0.091 0.075 22 236
0.244 -0.090 0.075 22 237
0.243 -0.090 0.075 22 238
0.243 -0.091 0.075 22 239
0.251 -0.079 0.075 23 217
0.250 -0.080 0.075 23 219
0.251 -0.082 0.075 23 220
0.251 -0.083 0.075 23 221
0.251 -0.084 0.075 23 222
0.251 -0.085 0.075 23 223
0.250 -0.085 0.075 23 224
0.250 -0.086 0.075 23 225
0.249 -0.086 0.075 23 226
0.249 -0.087 0.075 23 227
0.248 -0.086 0.075 23 228
0.248 -0.087 0.075 23 229
0.247 -0.087 0.074 23 230
0.247 -0.088 0.074 23 231
0.246 -0.088 0.074 23 232
0.246 -0.089 0.074 23 233
0.245 -0.089 0.074 23 234
0.245 -0.090 0.074 23 235
0.245 -0.091 0.074 23 236
0.243 -0.089 0.074 23 237
0.243 -0.090 0.074 23 238
0.242 -0.090 0.074 23 239
0.252 -0.080 0.074 24 217
0.250 -0.079 0.074 24 218
0.250 -0.080 0.074 24 219
0.251 -0.082 0.074 24 220
0.251 -0.083 0.074 24 221
0.251 -0.084 0.074 24 222
0.251 -0.085 0.074 24 223
0.250 -0.085 0.074 24 224
0.250 -0.086 0.074 24 225
0.249 -0.086 0.074 24 226
0.248 -0.086 0.074 24 227
0.248 -0.086 0.074 24 228
0.248 -0.087 0.074 24 229
0.247 -0.087 0.074 24 230
0.247 -0.088 0.074 24 231
0.246 -0.088 0.073 24 232
0.246 -0.089 0.073 24 233
0.245 -0.089 0.073 24 234
0.245 -0.090 0.073 24 235
0.244 -0.089 0.073 24 236
0.243 -0.089 0.073 24 237
0.243 -0.090 0.073 24 238
0.242 -0.090 0.073 24 239
0.252 -0.080 0.073 25 217
0.250 -0.079 0.073 25 218
0.251 -0.081 0.073 25 219
0.251 -0.082 0.073 25 220
0.251 -0.083 0.073 25 221
0.251 -0.084 0.073 25 222
0.251 -0.085 0.073 25 223
0.250 -0.085 0.073 25 224
0.249 -0.085 0.073 25 225
0.249 -0.086 0.073 25 226
0.248 -0.086 0.073 25 227
0.248 -0.086 0.073 25 228
0.248 -0.087 0.073 25 229
0.247 -0.087 0.073 25 230
0.247 -0.088 0.073 25 231
0.246 -0.088 0.073 25 232
0.246 -0.089 0.073 25 233
0.246 -0.090 0.073 25 234
0.245 -0.090 0.073 25 235
0.243 -0.088 0.072 25 236
0.243 -0.089 0.072 25 237
0.243 -0.090 0.072 25 238
0.242 -0.090 0.072 25 239
0.252 -0.080 0.073 26 217
0.250 -0.079 0.072 26 218
0.251 -0.081 0.073 26 219
0.251 -0.082 0.073 26 220
0.251 -0.083 0.073 26 221
0.251 -0.084 0.073 26 222
0.250 -0.084 0.072 26 223
0.250 -0.085 0.072 26 224
0.249 -0.085 0.072 26 225
0.249 -0.086 0.072 26 226
0.248 -0.086 0.072 26 227
0.248 -0.086 0.072 26 228
0.248 -0.087 0.072 26 229
0.247 -0.087 0.072 26 230
0.247 -0.088 0.072 26 231
0.246 -0.088 0.072 26 232
0.246 -0.089 0.072 26 233
0.246 -0.090 0.072 26 234
0.245 -0.090 0.072 26 235
0.244 -0.089 0.072 26 236
0.243 -0.089 0.071 26 237
0.243 -0.090 0.071 26 238
0.242 -0.090 0.071 26 239
0.252 -0.080 0.072 27 217
0.250 -0.079 0.072 27 218
0.251 -0.081 0.072 27 219
0.251 -0.082 0.072 27 220
0.251 -0.083 0.072 27 221
0.251 -0.084 0.072 27 222
0.250 -0.084 0.072 27 223
0.250 -0.085 0.072 27 224
0.249 -0.085 0.071 27 225
0.249 -0.086 0.072 27 226
0.248 -0.085 0.071 27 227
0.248 -0.086 0.071 27 228
0.247 -0.086 0.071 27 229
0.247 -0.087 0.071 27 230
0.246 -0.087 0.071 27 231
0.246 -0.088 0.071 27 232
0.246 -0.089 0.071 27 233
0.246 -0.090 0.071 27 234
0.245 -0.090 0.071 27 235
0.244 -0.089 0.071 27 236
0.243 -0.089 0.071 27 237
0.243 -0.090 0.071 27 238
0.242 -0.090 0.071 27 239
0.251 -0.079 0.071 28 217
0.250 -0.079 0.071 28 218
0.250 -0.080 0.071 28 219
0.251 -0.082 0.071 28 220
0.251 -0.083 0.071 28 221
0.250 -0.083 0.071 28 222
0.250 -0.084 0.071 28 223
0.249 -0.084 0.071 28 224
0.249 -0.085 0.071 28 225
0.248 -0.085 0.071 28 226
0.248 -0.085 0.071 28 227
0.248 -0.086 0.071 28 228
0.247 -0.086 0.070 28 229
0.247 -0.087 0.070 28 230
0.246 -0.087 0.070 28 231
0.246 -0.088 0.070 28 232
0.246 -0.089 0.070 28 233
0.245 -0.089 0.070 28 234
0.244 -0.088 0.070 28 235
0.244 -0.089 0.070 28 236
0.243 -0.089 0.070 28 237
0.243 -0.090 0.070 28 238
0.242 -0.090 0.070 28 239
0.251 -0.079 0.070 29 217
0.250 -0.079 0.070 29 218
0.250 -0.080 0.070 29 219
0.251 -0.082 0.070 29 220
0.251 -0.083 0.070 29 221
0.250 -0.083 0.070 29 222
0.250 -0.084 0.070 29 223
0.250 -0.085 0.070 29 224
0.249 -0.085 0.070 29 225
0.248 -0.085 0.070 29 226
0.248 -0.085 0.070 29 227
0.248 -0.086 0.070 29 228
0.247 -0.086 0.070 29 229
0.247 -0.087 0.070 29 230
0.247 -0.088 0.070 29 231
0.246 -0.088 0.070 29 232
0.246 -0.089 0.070 29 233
0.245 -0.089 0.069 29 234
0.244 -0.088 0.069 29 235
0.244 -0.089 0.069 29 236
0.243 -0.089 0.069 29 237
0.243 -0.090 0.069 29 238
0.243 -0.091 0.069 29 239
0.250 -0.079 0.069 30 217
0.250 -0.079 0.069 30 218
0.250 -0.080 0.069 30 219
0.250 -0.081 0.069 30 220
0.251 -0.083 0.069 30 221
0.251 -0.084 0.069 30 222
0.250 -0.084 0.069 30 223
0.250 -0.085 0.069 30 224
0.249 -0.085 0.069 30 225
0.248 -0.085 0.069 30 226
0.248 -0.085 0.069 30 227
0.248 -0.086 0.069 30 228
0.248 -0.087 0.069 30 229
0.247 -0.087 0.069 30 230
0.247 -0.088 0.069 30 231
0.246 -0.088 0.069 30 232
0.246 -0.089 0.069 30 233
0.245 -0.089 0.069 30 234
0.244 -0.088 0.069 30 235
0.244 -0.089 0.069 30 236
0.243 -0.089 0.068 30 237
0.243 -0.090 0.068 30 238
0.243 -0.091 0.068 30 239
0.250 -0.079 0.068 31 217
0.250 -0.079 0.068 31 218
0.250 -0.080 0.068 31 219
0.250 -0.081 0.068 31 220
0.251 -0.083 0.069 31 221
0.251 -0.084 0.069 31 222
0.250 -0.084 0.068 31 223
0.250 -0.085 0.068 31 224
0.249 -0.085 0.068 31 225
0.249 -0.086 0.068 31 226
0.248 -0.085 0.068 31 227
0.248 -0.086 0.068 31 228
0.248 -0.087 0.068 31 229
0.247 -0.087 0.068 31 230
0.247 -0.088 0.068 31 231
0.246 -0.088 0.068 31 232
0.246 -0.089 0.068 31 233
0.245 -0.089 0.068 31 234
0.244 -0.088 0.068 31 235
0.244 -0.089 0.068 31 236
0.244 -0.090 0.068 31 237
0.243 -0.090 0.068 31 238
0.243 -0.091 0.068 31 239
0.250 -0.078 0.068 32 217
0.249 -0.078 0.067 32 218
0.250 -0.080 0.068 32 219
0.251 -0.082 0.068 32 220
0.251 -0.083 0.068 32 221
0.251 -0.084 0.068 32 222
0.250 -0.084 0.068 32 223
0.250 -0.085 0.068 32 224
0.249 -0.085 0.068 32 225
0.248 -0.085 0.067 32 226
0.248 -0.085 0.067 32 227
0.248 -0.086 0.067 32 228
0.248 -0.087 0.067 32 229
0.247 -0.087 0.067 32 230
0.246 -0.087 0.067 32 231
0.246 -0.088 0.067 32 232
0.245 -0.088 0.067 32 233
0.245 -0.089 0.067 32 234
0.244 -0.088 0.067 32 235
0.243 -0.088 0.067 32 236
0.243 -0.089 0.067 32 237
0.243 -0.090 0.067 32 238
0.243 -0.091 0.067 32 239
0.250 -0.078 0.067 33 217
0.249 -0.078 0.067 33 218
0.250 -0.080 0.067 33 219
0.251 -0.082 0.067 33 220
0.251 -0.083 0.067 33 221
0.251 -0.084 0.067 33 222
0.251 -0.085 0.067 33 223
0.250 -0.085 0.067 33 224
0.249 -0.085 0.067 33 225
0.249 -0.086 0.067 33 226
0.249 -0.086 0.067 33 227
0.248 -0.086 0.067 33 228
0.248 -0.087 0.067 33 229
0.248 -0.088 0.067 33 230
0.247 -0.088 0.067 33 231
0.246 -0.088 0.066 33 232
0.246 -0.089 0.066 33 233
0.245 -0.089 0.066 33 234
0.244 -0.088 0.066 33 235
0.244 -0.089 0.066 33 236
0.243 -0.089 0.066 33 237
0.243 -0.090 0.066 33 238
0.243 -0.091 0.066 33 239
0.250 -0.078 0.066 34 217
0.249 -0.078 0.066 34 218
0.250 -0.080 0.066 34 219
0.251 -0.082 0.066 34 220
0.251 -0.083 0.066 34 221
0.251 -0.084 0.066 34 222
0.251 -0.085 0.066 34 223
0.250 -0.085 0.066 34 224
0.250 -0.086 0.066 34 225
0.250 -0.087 0.066 34 226
0.249 -0.086 0.066 34 227
0.249 -0.087 0.066 34 228
0.248 -0.087 0.066 34 229
0.248 -0.088 0.066 34 230
0.247 -0.088 0.066 34 231
0.246 -0.088 0.066 34 232
0.246 -0.089 0.066 34 233
0.245 -0.089 0.066 34 234
0.244 -0.088 0.066 34 235
0.243 -0.088 0.065 34 236
0.243 -0.089 0.065 34 237
0.243 -0.090 0.065 34 238
0.242 -0.090 0.065 34 239
0.251 -0.079 0.065 35 217
0.250 -0.079 0.065 35 218
0.251 -0.081 0.065 35 219
0.251 -0.082 0.065 35 220
0.252 -0.084 0.065 35 221
0.251 -0.084 0.065 35 222
0.251 -0.085 0.065 35 223
0.251 -0.086 0.065 35 224
0.250 -0.086 0.065 35 225
0.250 -0.087 0.065 35 226
0.249 -0.086 0.065 35 227
0.248 -0.086 0.065 35 228
0.248 -0.087 0.065 35 229
0.248 -0.088 0.065 35 230
0.247 -0.088 0.065 35 231
0.247 -0.089 0.065 35 232
0.246 -0.089 0.065 35 233
0.245 -0.089 0.065 35 234
0.244 -0.088 0.065 35 235
0.244 -0.089 0.065 35 236
0.243 -0.089 0.065 35 237
0.243 -0.090 0.065 35 238
0.242 -0.090 0.065 35 239
0.251 -0.079 0.064 36 217
0.250 -0.079 0.064 36 218
0.251 -0.081 0.064 36 219
0.251 -0.082 0.064 36 220
0.251 -0.083 0.064 36 221
0.251 -0.084 0.064 36 222
0.251 -0.085 0.064 36 223
0.250 -0.085 0.064 36 224
0.250 -0.086 0.064 36 225
0.249 -0.086 0.064 36 226
0.249 -0.086 0.064 36 227
0.248 -0.086 0.064 36 228
0.248 -0.087 0.064 36 229
0.248 -0.088 0.064 36 230
0.247 -0.088 0.064 36 231
0.247 -0.089 0.064 36 232
0.247 -0.090 0.064 36 233
0.245 -0.089 0.064 36 234
0.244 -0.088 0.064 36 235
0.244 -0.089 0.064 36 236
0.243 -0.089 0.064 36 237
0.243 -0.090 0.064 36 238
0.242 -0.090 0.064 36 239
0.251 -0.079 0.064 37 217
0.251 -0.080 0.064 37 218
0.250 -0.080 0.064 37 219
0.251 -0.082 0.064 37 220
0.251 -0.083 0.064 37 221
0.251 -0.084 0.064 37 222
0.251 -0.085 0.064 37 223
0.250 -0.085 0.064 37 224
0.250 -0.086 0.064 37 225
0.249 -0.086 0.064 37 226
0.249 -0.086 0.064 37 227
0.249 -0.087 0.064 37 228
0.248 -0.087 0.063 37 229
0.248 -0.088 0.064 37 230
0.248 -0.089 0.064 37 231
0.247 -0.089 0.063 37 232
0.247 -0.090 0.063 37 233
0.245 -0.089 0.063 37 234
0.244 -0.088 0.063 37 235
0.244 -0.089 0.063 37 236
0.243 -0.089 0.063 37 237
0.243 -0.090 0.063 37 238
0.243 -0.091 0.063 37 239
0.251 -0.079 0.063 38 217
0.250 -0.079 0.063 38 218
0.251 -0.081 0.063 38 219
0.251 -0.082 0.063 38 220
0.251 -0.083 0.063 38 221
0.251 -0.084 0.063 38 222
0.251 -0.085 0.063 38 223
0.250 -0.085 0.063 38 224
0.250 -0.086 0.063 38 225
0.249 -0.086 0.063 38 226
0.249 -0.086 0.063 38 227
0.249 -0.087 0.063 38 228
0.249 -0.088 0.063 38 229
0.248 -0.088 0.063 38 230
0.248 -0.089 0.063 38 231
0.247 -0.089 0.063 38 232
0.247 -0.090 0.063 38 233
0.245 -0.089 0.063 38 234
0.244 -0.088 0.062 38 235
0.244 -0.089 0.063 38 236
0.243 -0.089 0.062 38 237
0.243 -0.090 0.062 38 238
0.243 -0.091 0.062 38 239
0.251 -0.079 0.062 39 217
0.250 -0.079 0.062 39 218
0.251 -0.081 0.062 39 219
0.251 -0.082 0.062 39 220
0.251 -0.083 0.062 39 221
0.251 -0.084 0.062 39 222
0.251 -0.085 0.062 39 223
0.250 -0.085 0.062 39 224
0.250 -0.086 0.062 39 225
0.249 -0.086 0.062 39 226
0.249 -0.086 0.062 39 227
0.249 -0.087 0.062 39 228
0.248 -0.087 0.062 39 229
0.248 -0.088 0.062 39 230
0.248 -0.089 0.062 39 231
0.247 -0.089 0.062 39 232
0.247 -0.090 0.062 39 233
0.245 -0.089 0.062 39 234
0.244 -0.088 0.062 39 235
0.244 -0.089 0.062 39 236
0.243 -0.089 0.062 39 237
0.243 -0.090 0.062 39 238
0.243 -0.091 0.062 39 239
0.251 -0.079 0.061 40 217
0.250 -0.079 0.061 40 218
0.251 -0.081 0.061 40 219
0.251 -0.082 0.061 40 220
0.251 -0.083 0.061 40 221
0.251 -0.084 0.061 40 222
0.250 -0.084 0.061 40 223
0.250 -0.085 0.061 40 224
0.250 -0.086 0.061 40 225
0.249 -0.086 0.061 40 226
0.249 -0.086 0.061 40 227
0.248 -0.086 0.061 40 228
0.248 -0.087 0.061 40 229
0.248 -0.088 0.061 40 230
0.248 -0.089 0.061 40 231
0.247 -0.089 0.061 40 232
0.246 -0.089 0.061 40 233
0.245 -0.089 0.061 40 234
0.244 -0.088 0.061 40 235
0.244 -0.089 0.061 40 236
0.243 -0.089 0.061 40 237
0.242 -0.089 0.061 40 238
0.242 -0.090 0.061 40 239
0.252 -0.080 0.060 41 217
0.250 -0.079 0.060 41 218
0.251 -0.081 0.060 41 219
0.251 -0.082 0.060 41 220
0.251 -0.083 0.060 41 221
0.251 -0.084 0.060 41 222
0.250 -0.084 0.060 41 223
0.250 -0.085 0.060 41 224
0.250 -0.086 0.060 41 225
0.249 -0.086 0.060 41 226
0.249 -0.086 0.060 41 227
0.248 -0.086 0.060 41 228
0.248 -0.087 0.060 41 229
0.248 -0.088 0.060 41 230
0.248 -0.089 0.060 41 231
0.247 -0.089 0.060 41 232
0.246 -0.089 0.060 41 233
0.245 -0.089 0.060 41 234
0.244 -0.088 0.060 41 235
0.244 -0.089 0.060 41 236
0.243 -0.089 0.060 41 237
0.243 -0.090 0.060 41 238
0.242 -0.090 0.060 41 239
0.250 -0.078 0.060 42 216
0.251 -0.079 0.060 42 217
0.250 -0.079 0.060 42 218
0.250 -0.080 0.060 42 219
0.251 -0.082 0.060 42 220
0.251 -0.083 0.060 42 221
0.251 -0.084 0.060 42 222
0.250 -0.084 0.060 42 223
0.250 -0.085 0.060 42 224
0.250 -0.086 0.060 42 225
0.249 -0.086 0.060 42 226
0.249 -0.086 0.060 42 227
0.248 -0.086 0.060 42 228
0.248 -0.087 0.060 42 229
0.248 -0.088 0.060 42 230
0.247 -0.088 0.060 42 231
0.246 -0.088 0.060 42 232
0.246 -0.089 0.060 42 233
0.244 -0.087 0.059 42 234
0.243 -0.087 0.059 42 235
0.244 -0.089 0.059 42 236
0.243 -0.089 0.059 42 237
0.242 -0.089 0.059 42 238
0.242 -0.090 0.059 42 239
0.251 -0.079 0.059 43 217
0.250 -0.079 0.059 43 218
0.250 -0.080 0.059 43 219
0.251 -0.082 0.059 43 220
0.251 -0.083 0.059 43 221
0.251 -0.084 0.059 43 222
0.250 -0.084 0.059 43 223
0.250 -0.085 0.059 43 224
0.249 -0.085 0.059 43 225
0.249 -0.086 0.059 43 226
0.248 -0.085 0.059 43 227
0.248 -0.086 0.059 43 228
0.248 -0.087 0.059 43 229
0.247 -0.087 0.059 43 230
0.247 -0.088 0.059 43 231
0.246 -0.088 0.059 43 232
0.245 -0.088 0.059 43 233
0.245 -0.089 0.059 43 234
0.244 -0.088 0.059 43 235
0.243 -0.088 0.059 43 236
0.243 -0.089 0.059 43 237
0.242 -0.089 0.059 43 238
0.242 -0.090 0.059 43 239
0.251 -0.079 0.058 44 217
0.250 -0.079 0.058 44 218
0.250 -0.080 0.058 44 219
0.250 -0.081 0.058 44 220
0.251 -0.083 0.058 44 221
0.251 -0.084 0.058 44 222
0.250 -0.084 0.058 44 223
0.250 -0.085 0.058 44 224
0.249 -0.085 0.058 44 225
0.249 -0.086 0.058 44 226
0.248 -0.085 0.058 44 227
0.248 -0.086 0.058 44 228
0.248 -0.087 0.058 44 229
0.247 -0.087 0.058 44 230
0.247 -0.088 0.058 44 231
0.246 -0.088 0.058 44 232
0.246 -0.089 0.058 44 233
0.245 -0.089 0.058 44 234
0.244 -0.088 0.058 44 235
0.244 -0.089 0.058 44 236
0.243 -0.089 0.058 44 237
0.243 -0.090 0.058 44 238
0.242 -0.090 0.058 44 239
0.250 -0.079 0.057 45 217
0.250 -0.079 0.057 45 218
0.250 -0.080 0.057 45 219
0.250 -0.081 0.057 45 220
0.250 -0.082 0.057 45 221
0.251 -0.084 0.057 45 222
0.250 -0.084 0.057 45 223
0.250 -0.085 0.057 45 224
0.249 -0.085 0.057 45 225
0.249 -0.086 0.057 45 226
0.248 -0.085 0.057 45 227
0.248 -0.086 0.057 45 228
0.248 -0.087 0.057 45 229
0.247 -0.087 0.057 45 230
0.247 -0.088 0.057 45 231
0.246 -0.088 0.057 45 232
0.246 -0.089 0.057 45 233
0.246 -0.090 0.057 45 234
0.244 -0.088 0.057 45 235
0.244 -0.089 0.057 45 236
0.243 -0.089 0.057 45 237
0.242 -0.089 0.057 45 238
0.242 -0.090 0.057 45 239
0.250 -0.079 0.056 46 217
0.249 -0.078 0.056 46 218
0.250 -0.080 0.056 46 219
0.250 -0.081 0.056 46 220
0.250 -0.082 0.056 46 221
0.250 -0.083 0.056 46 222
0.250 -0.084 0.056 46 223
0.250 -0.085 0.056 46 224
0.249 -0.085 0.056 46 225
0.249 -0.086 0.056 46 226
0.248 -0.085 0.056 46 227
0.248 -0.086 0.056 46 228
0.247 -0.086 0.056 46 229
0.247 -0.087 0.056 46 230
0.247 -0.088 0.056 46 231
0.246 -0.088 0.056 46 232
0.246 -0.089 0.056 46 233
0.246 -0.090 0.056 46 234
0.244 -0.088 0.056 46 235
0.244 -0.089 0.056 46 236
0.243 -0.089 0.056 46 237
0.242 -0.089 0.056 46 238
0.242 -0.090 0.056 46 239
0.249 -0.078 0.056 47 217
0.249 -0.078 0.056 47 218
0.250 -0.080 0.056 47 219
0.250 -0.081 0.056 47 220
0.250 -0.082 0.056 47 221
0.250 -0.083 0.056 47 222
0.250 -0.084 0.056 47 223
0.250 -0.085 0.056 47 224
0.249 -0.085 0.056 47 225
0.249 -0.086 0.056 47 226
0.249 -0.086 0.056 47 227
0.248 -0.086 0.056 47 228
0.248 -0.087 0.056 47 229
0.247 -0.087 0.056 47 230
0.247 -0.088 0.056 47 231
0.246 -0.088 0.056 47 232
0.246 -0.089 0.056 47 233
0.246 -0.090 0.056 47 234
0.244 -0.088 0.056 47 235
0.243 -0.088 0.056 47 236
0.243 -0.089 0.056 47 237
0.242 -0.089 0.056 47 238
0.242 -0.090 0.056 47 239
0.249 -0.078 0.055 48 218
0.250 -0.080 0.055 48 219
0.251 -0.082 0.055 48 220
0.250 -0.082 0.055 48 221
0.250 -0.083 0.055 48 222
0.250 -0.084 0.055 48 223
0.250 -0.085 0.055 48 224
0.250 -0.086 0.055 48 225
0.249 -0.086 0.055 48 226
0.249 -0.086 0.055 48 227
0.248 -0.086 0.055 48 228
0.248 -0.087 0.055 48 229
0.247 -0.087 0.055 48 230
0.247 -0.088 0.055 48 231
0.246 -0.088 0.055 48 232
0.246 -0.089 0.055 48 233
0.245 -0.089 0.055 48 234
0.244 -0.088 0.055 48 235
0.243 -0.088 0.055 48 236
0.243 -0.089 0.055 48 237
0.242 -0.089 0.055 48 238
0.242 -0.090 0.055 48 239
0.250 -0.079 0.054 49 217
0.249 -0.078 0.054 49 218
0.250 -0.080 0.054 49 219
0.251 -0.082 0.054 49 220
0.251 -0.083 0.054 49 221
0.250 -0.083 0.054 49 222
0.250 -0.084 0.054 49 223
0.250 -0.085 0.054 49 224
0.249 -0.085 0.054 49 225
0.249 -0.086 0.054 49 226
0.248 -0.085 0.054 49 227
0.248 -0.086 0.054 49 228
0.248 -0.087 0.054 49 229
0.248 -0.088 0.054 49 230
0.247 -0.088 0.054 49 231
0.246 -0.088 0.054 49 232
0.246 -0.089 0.054 49 233
0.245 -0.089 0.054 49 234
0.244 -0.088 0.054 49 235
0.244 -0.089 0.054 49 236
0.242 -0.088 0.054 49 237
0.242 -0.089 0.054 49 238
0.241 -0.089 0.054 49 239
0.251 -0.079 0.053 50 217
0.250 -0.079 0.053 50 218
0.250 -0.080 0.053 50 219
0.251 -0.082 0.053 50 220
0.251 -0.083 0.053 50 221
0.251 -0.084 0.053 50 222
0.251 -0.085 0.053 50 223
0.250 -0.085 0.053 50 224
0.250 -0.086 0.053 50 225
0.249 -0.086 0.053 50 226
0.249 -0.087 0.053 50 227
0.248 -0.086 0.053 50 228
0.248 -0.087 0.053 50 229
0.248 -0.088 0.053 50 230
0.247 -0.088 0.053 50 231
0.246 -0.088 0.053 50 232
0.246 -0.089 0.053 50 233
0.245 -0.089 0.053 50 234
0.245 -0.090 0.053 50 235
0.243 -0.088 0.053 50 236
0.242 -0.088 0.053 50 237
0.242 -0.089 0.053 50 238
0.241 -0.089 0.054 50 239
0.250 -0.079 0.052 51 217
0.250 -0.079 0.052 51 218
0.250 -0.080 0.052 51 219
0.251 -0.082 0.052 51 220
0.251 -0.083 0.052 51 221
0.251 -0.084 0.052 51 222
0.250 -0.084 0.052 51 223
0.250 -0.085 0.052 51 224
0.250 -0.086 0.052 51 225
0.249 -0.086 0.052 51 226
0.248 -0.086 0.052 51 227
0.248 -0.086 0.052 51 228
0.248 -0.087 0.052 51 229
0.248 -0.088 0.052 51 230
0.247 -0.088 0.053 51 231
0.247 -0.089 0.052 51 232
0.246 -0.089 0.053 51 233
0.245 -0.089 0.053 51 234
0.245 -0.090 0.053 51 235
0.243 -0.088 0.053 51 236
0.242 -0.088 0.053 51 237
0.242 -0.089 0.053 51 238
0.241 -0.089 0.053 51 239
0.251 -0.079 0.052 52 217
0.250 -0.079 0.052 52 218
0.250 -0.080 0.052 52 219
0.251 -0.082 0.052 52 220
0.251 -0.083 0.052 52 221
0.251 -0.084 0.052 52 222
0.251 -0.085 0.052 52 223
0.250 -0.085 0.052 52 224
0.250 -0.086 0.052 52 225
0.249 -0.086 0.052 52 226
0.249 -0.087 0.052 52 227
0.248 -0.086 0.052 52 228
0.248 -0.087 0.052 52 229
0.248 -0.088 0.052 52 230
0.247 -0.088 0.052 52 231
0.246 -0.088 0.052 52 232
0.246 -0.089 0.052 52 233
0.245 -0.089 0.052 52 234
0.245 -0.090 0.052 52 235
0.243 -0.088 0.052 52 236
0.243 -0.089 0.052 52 237
0.242 -0.089 0.052 52 238
0.241 -0.089 0.052 52 239
0.251 -0.079 0.051 53 217
0.250 -0.079 0.051 53 218
0.251 -0.081 0.051 53 219
0.251 -0.082 0.051 53 220
0.251 -0.083 0.051 53 221
0.251 -0.084 0.051 53 222
0.251 -0.085 0.051 53 223
0.250 -0.085 0.051 53 224
0.250 -0.086 0.051 53 225
0.249 -0.086 0.051 53 226
0.249 -0.087 0.051 53 227
0.248 -0.086 0.051 53 228
0.248 -0.087 0.051 53 229
0.248 -0.088 0.051 53 230
0.247 -0.088 0.051 53 231
0.247 -0.089 0.051 53 232
0.246 -0.089 0.051 53 233
0.245 -0.089 0.051 53 234
0.245 -0.090 0.051 53 235
0.244 -0.089 0.051 53 236
0.243 -0.089 0.051 53 237
0.243 -0.090 0.051 53 238
0.242 -0.090 0.051 53 239
0.250 -0.079 0.050 54 217
0.250 -0.079 0.050 54 218
0.251 -0.081 0.050 54 219
0.251 -0.082 0.050 54 220
0.251 -0.083 0.050 54 221
0.251 -0.084 0.050 54 222
0.250 -0.084 0.050 54 223
0.250 -0.085 0.050 54 224
0.250 -0.086 0.050 54 225
0.249 -0.086 0.050 54 226
0.249 -0.087 0.050 54 227
0.248 -0.086 0.050 54 228
0.248 -0.087 0.050 54 229
0.247 -0.087 0.050 54 230
0.247 -0.088 0.050 54 231
0.247 -0.089 0.050 54 232
0.246 -0.089 0.050 54 233
0.245 -0.089 0.050 54 234
0.245 -0.090 0.050 54 235
0.245 -0.091 0.050 54 236
0.243 -0.089 0.050 54 237
0.243 -0.090 0.050 54 238
0.242 -0.090 0.050 54 239
0.251 -0.080 0.049 55 217
0.250 -0.079 0.049 55 218
0.250 -0.080 0.049 55 219
0.251 -0.082 0.049 55 220
0.251 -0.083 0.049 55 221
0.251 -0.084 0.049 55 222
0.250 -0.084 0.049 55 223
0.250 -0.085 0.049 55 224
0.250 -0.086 0.049 55 225
0.249 -0.086 0.049 55 226
0.249 -0.087 0.049 55 227
0.248 -0.086 0.049 55 228
0.248 -0.087 0.049 55 229
0.247 -0.087 0.049 55 230
0.247 -0.088 0.049 55 231
0.246 -0.088 0.049 55 232
0.246 -0.089 0.049 55 233
0.245 -0.089 0.050 55 234
0.245 -0.090 0.050 55 235
0.244 -0.089 0.050 55 236
0.243 -0.089 0.050 55 237
0.243 -0.090 0.050 55 238
0.243 -0.091 0.050 55 239
0.251 -0.080 0.048 56 217
0.250 -0.080 0.048 56 218
0.251 -0.081 0.048 56 219
0.251 -0.082 0.048 56 220
0.251 -0.083 0.048 56 221
0.251 -0.084 0.048 56 222
0.250 -0.084 0.048 56 223
0.250 -0.085 0.048 56 224
0.249 -0.085 0.048 56 225
0.249 -0.086 0.048 56 226
0.248 -0.086 0.049 56 227
0.248 -0.086 0.049 56 228
0.248 -0.087 0.049 56 229
0.247 -0.087 0.049 56 230
0.247 -0.088 0.049 56 231
0.246 -0.088 0.049 56 232
0.246 -0.089 0.049 56 233
0.245 -0.089 0.049 56 234
0.245 -0.090 0.049 56 235
0.245 -0.091 0.049 56 236
0.244 -0.090 0.049 56 237
0.243 -0.090 0.049 56 238
0.243 -0.091 0.049 56 239
0.251 -0.080 0.048 57 217
0.250 -0.080 0.048 57 218
0.250 -0.080 0.048 57 219
0.251 -0.082 0.047 57 220
0.251 -0.083 0.047 57 221
0.251 -0.084 0.047 57 222
0.250 -0.084 0.048 57 223
0.250 -0.085 0.048 57 224
0.249 -0.085 0.048 57 225
0.249 -0.086 0.048 57 226
0.248 -0.086 0.048 57 227
0.248 -0.087 0.048 57 228
0.248 -0.087 0.048 57 229
0.248 -0.088 0.048 57 230
0.247 -0.088 0.048 57 231
0.246 -0.088 0.048 57 232
0.246 -0.089 0.048 57 233
0.246 -0.090 0.048 57 234
0.245 -0.090 0.048 57 235
0.245 -0.091 0.048 57 236
0.244 -0.090 0.048 57 237
0.243 -0.090 0.048 57 238
0.242 -0.090 0.048 57 239
0.250 -0.079 0.047 58 217
0.250 -0.080 0.047 58 218
0.250 -0.080 0.047 58 219
0.251 -0.082 0.047 58 220
0.250 -0.082 0.047 58 221
0.250 -0.083 0.047 58 222
0.250 -0.084 0.047 58 223
0.249 -0.084 0.047 58 224
0.249 -0.085 0.047 58 225
0.249 -0.086 0.047 58 226
0.248 -0.086 0.047 58 227
0.248 -0.087 0.047 58 228
0.248 -0.087 0.047 58 229
0.248 -0.088 0.047 58 230
0.247 -0.088 0.047 58 231
0.247 -0.089 0.047 58 232
0.246 -0.089 0.047 58 233
0.246 -0.090 0.047 58 234
0.245 -0.090 0.047 58 235
0.244 -0.089 0.047 58 236
0.244 -0.090 0.047 58 237
0.244 -0.091 0.047 58 238
0.242 -0.090 0.048 58 239
0.251 -0.080 0.046 59 217
0.250 -0.080 0.046 59 218
0.250 -0.080 0.046 59 219
0.251 -0.082 0.046 59 220
0.251 -0.083 0.046 59 221
0.250 -0.083 0.046 59 222
0.250 -0.084 0.046 59 223
0.250 -0.085 0.046 59 224
0.249 -0.085 0.046 59 225
0.248 -0.085 0.046 59 226
0.248 -0.086 0.046 59 227
0.248 -0.087 0.046 59 228
0.248 -0.087 0.046 59 229
0.247 -0.087 0.046 59 230
0.246 -0.087 0.046 59 231
0.246 -0.088 0.046 59 232
0.246 -0.089 0.046 59 233
0.245 -0.089 0.046 59 234
0.245 -0.090 0.046 59 235
0.245 -0.091 0.046 59 236
0.244 -0.090 0.047 59 237
0.244 -0.091 0.047 59 238
0.242 -0.090 0.047 59 239
0.251 -0.080 0.045 60 217
0.250 -0.080 0.045 60 218
0.251 -0.081 0.045 60 219
0.251 -0.082 0.045 60 220
0.251 -0.083 0.045 60 221
0.251 -0.084 0.045 60 222
0.250 -0.084 0.045 60 223
0.250 -0.085 0.045 60 224
0.249 -0.085 0.045 60 225
0.249 -0.086 0.045 60 226
0.248 -0.086 0.045 60 227
0.248 -0.087 0.045 60 228
0.248 -0.087 0.045 60 229
0.247 -0.087 0.045 60 230
0.247 -0.088 0.045 60 231
0.247 -0.089 0.045 60 232
0.246 -0.089 0.046 60 233
0.246 -0.090 0.046 60 234
0.245 -0.090 0.046 60 235
0.245 -0.091 0.046 60 236
0.244 -0.090 0.046 60 237
0.243 -0.090 0.046 60 238
0.243 -0.091 0.046 60 239
0.250 -0.079 0.044 61 217
0.251 -0.081 0.044 61 218
0.250 -0.080 0.044 61 219
0.251 -0.082 0.044 61 220
0.251 -0.083 0.044 61 221
0.251 -0.084 0.044 61 222
0.250 -0.084 0.044 61 223
0.250 -0.085 0.044 61 224
0.249 -0.085 0.044 61 225
0.249 -0.086 0.044 61 226
0.248 -0.086 0.045 61 227
0.248 -0.087 0.045 61 228
0.248 -0.088 0.045 61 229
0.247 -0.087 0.045 61 230
0.247 -0.088 0.045 61 231
0.246 -0.088 0.045 61 232
0.246 -0.089 0.045 61 233
0.246 -0.090 0.045 61 234
0.245 -0.090 0.045 61 235
0.245 -0.091 0.045 61 236
0.244 -0.090 0.045 61 237
0.244 -0.091 0.045 61 238
0.243 -0.091 0.045 61 239
0.251 -0.080 0.043 62 217
0.251 -0.081 0.043 62 218
0.250 -0.081 0.044 62 219
0.251 -0.082 0.043 62 220
0.251 -0.083 0.043 62 221
0.251 -0.084 0.043 62 222
0.250 -0.084 0.044 62 223
0.250 -0.085 0.044 62 224
0.249 -0.085 0.044 62 225
0.249 -0.086 0.044 62 226
0.248 -0.086 0.044 62 227
0.248 -0.087 0.044 62 228
0.248 -0.088 0.044 62 229
0.248 -0.088 0.044 62 230
0.247 -0.088 0.044 62 231
0.246 -0.088 0.044 62 232
0.246 -0.089 0.044 62 233
0.245 -0.089 0.044 62 234
0.245 -0.090 0.044 62 235
0.245 -0.091 0.044 62 236
0.244 -0.090 0.044 62 237
0.244 -0.091 0.044 62 238
0.243 -0.091 0.044 62 239
0.251 -0.080 0.043 63 217
0.251 -0.081 0.043 63 218
0.251 -0.081 0.043 63 219
0.251 -0.082 0.043 63 220
0.251 -0.083 0.043 63 221
0.251 -0.084 0.043 63 222
0.251 -0.085 0.043 63 223
0.250 -0.085 0.043 63 224
0.250 -0.086 0.043 63 225
0.249 -0.086 0.043 63 226
0.248 -0.086 0.043 63 227
0.248 -0.087 0.043 63 228
0.248 -0.088 0.043 63 229
0.248 -0.088 0.043 63 230
0.247 -0.088 0.043 63 231
0.247 -0.089 0.043 63 232
0.246 -0.089 0.043 63 233
0.246 -0.090 0.043 63 234
0.245 -0.090 0.043 63 235
0.245 -0.091 0.043 63 236
0.245 -0.092 0.043 63 237
0.244 -0.091 0.043 63 238
0.243 -0.091 0.044 63 239
0.251 -0.080 0.042 64 217
0.251 -0.081 0.042 64 218
0.252 -0.082 0.042 64 219
0.251 -0.082 0.042 64 220
0.251 -0.083 0.042 64 221
0.251 -0.084 0.042 64 222
0.251 -0.085 0.042 64 223
0.250 -0.085 0.042 64 224
0.250 -0.086 0.042 64 225
0.249 -0.086 0.042 64 226
0.248 -0.086 0.042 64 227
0.248 -0.087 0.042 64 228
0.248 -0.088 0.042 64 229
0.247 -0.087 0.042 64 230
0.247 -0.088 0.042 64 231
0.247 -0.089 0.042 64 232
0.246 -0.089 0.042 64 233
0.246 -0.090 0.042 64 234
0.245 -0.090 0.043 64 235
0.244 -0.090 0.043 64 236
0.244 -0.091 0.043 64 237
0.243 -0.090 0.043 64 238
0.243 -0.091 0.043 64 239
0.251 -0.080 0.041 65 217
0.251 -0.081 0.041 65 218
0.252 -0.082 0.041 65 219
0.252 -0.083 0.041 65 220
0.251 -0.083 0.041 65 221
0.251 -0.084 0.041 65 222
0.250 -0.084 0.041 65 223
0.250 -0.085 0.041 65 224
0.249 -0.085 0.041 65 225
0.249 -0.086 0.041 65 226
0.248 -0.086 0.041 65 227
0.248 -0.087 0.041 65 228
0.248 -0.088 0.041 65 229
0.247 -0.087 0.042 65 230
0.247 -0.088 0.042 65 231
0.247 -0.089 0.041 65 232
0.246 -0.089 0.042 65 233
0.246 -0.090 0.042 65 234
0.245 -0.090 0.042 65 235
0.244 -0.090 0.042 65 236
0.244 -0.091 0.042 65 237
0.243 -0.090 0.042 65 238
0.243 -0.091 0.042 65 239
0.251 -0.080 0.040 66 217
0.251 -0.081 0.040 66 218
0.252 -0.082 0.040 66 219
0.252 -0.083 0.040 66 220
0.251 -0.083 0.040 66 221
0.251 -0.084 0.040 66 222
0.250 -0.084 0.040 66 223
0.250 -0.085 0.040 66 224
0.249 -0.085 0.040 66 225
0.249 -0.086 0.040 66 226
0.248 -0.086 0.041 66 227
0.248 -0.087 0.041 66 228
0.248 -0.088 0.041 66 229
0.248 -0.089 0.041 66 230
0.247 -0.088 0.041 66 231
0.247 -0.089 0.041 66 232
0.246 -0.089 0.041 66 233
0.245 -0.089 0.041 66 234
0.245 -0.090 0.041 66 235
0.244 -0.090 0.041 66 236
0.243 -0.089 0.041 66 237
0.243 -0.090 0.041 66 238
0.243 -0.091 0.041 66 239
0.250 -0.079 0.040 67 217
0.251 -0.081 0.039 67 218
0.252 -0.083 0.039 67 219
0.252 -0.083 0.039 67 220
0.252 -0.084 0.039 67 221
0.251 -0.084 0.039 67 222
0.250 -0.084 0.039 67 223
0.250 -0.085 0.039 67 224
0.249 -0.085 0.040 67 225
0.249 -0.086 0.040 67 226
0.249 -0.087 0.040 67 227
0.248 -0.087 0.040 67 228
0.248 -0.088 0.040 67 229
0.247 -0.088 0.040 67 230
0.247 -0.088 0.040 67 231
0.247 -0.089 0.040 67 232
0.246 -0.089 0.040 67 233
0.245 -0.089 0.040 67 234
0.245 -0.090 0.040 67 235
0.244 -0.090 0.040 67 236
0.243 -0.090 0.041 67 237
0.242 -0.089 0.041 67 238
0.242 -0.090 0.041 67 239
0.251 -0.081 0.039 68 218
0.251 -0.082 0.039 68 219
0.251 -0.082 0.039 68 220
0.252 -0.084 0.038 68 221
0.251 -0.084 0.038 68 222
0.251 -0.085 0.038 68 223
0.250 -0.085 0.039 68 224
0.250 -0.086 0.039 68 225
0.249 -0.086 0.039 68 226
0.249 -0.087 0.039 68 227
0.248 -0.087 0.039 68 228
0.248 -0.088 0.039 68 229
0.248 -0.089 0.039 68 230
0.247 -0.088 0.039 68 231
0.246 -0.088 0.039 68 232
0.246 -0.089 0.039 68 233
0.246 -0.090 0.039 68 234
0.245 -0.090 0.039 68 235
0.244 -0.090 0.040 68 236
0.243 -0.090 0.040 68 237
0.242 -0.089 0.040 68 238
0.242 -0.090 0.040 68 239
0.250 -0.080 0.038 69 218
0.251 -0.082 0.038 69 219
0.251 -0.083 0.038 69 220
0.251 -0.083 0.038 69 221
0.251 -0.084 0.038 69 222
0.251 -0.085 0.038 69 223
0.250 -0.085 0.038 69 224
0.249 -0.085 0.038 69 225
0.249 -0.086 0.038 69 226
0.249 -0.087 0.038 69 227
0.248 -0.087 0.038 69 228
0.248 -0.088 0.038 69 229
0.248 -0.089 0.038 69 230
0.247 -0.089 0.038 69 231
0.247 -0.089 0.038 69 232
0.246 -0.089 0.039 69 233
0.245 -0.089 0.039 69 234
0.244 -0.089 0.039 69 235
0.244 -0.090 0.039 69 236
0.243 -0.090 0.039 69 237
0.242 -0.089 0.039 69 238
0.241 -0.089 0.039 69 239
0.250 -0.080 0.037 70 218
0.251 -0.082 0.037 70 219
0.251 -0.083 0.037 70 220
0.251 -0.083 0.037 70 221
0.251 -0.084 0.037 70 222
0.250 -0.084 0.037 70 223
0.250 -0.085 0.037 70 224
0.250 -0.086 0.037 70 225
0.249 -0.086 0.037 70 226
0.248 -0.086 0.037 70 227
0.248 -0.087 0.037 70 228
0.248 -0.088 0.037 70 229
0.248 -0.089 0.037 70 230
0.247 -0.089 0.038 70 231
0.247 -0.089 0.038 70 232
0.246 -0.089 0.038 70 233
0.245 -0.089 0.038 70 234
0.244 -0.089 0.038 70 235
0.243 -0.089 0.038 70 236
0.243 -0.090 0.038 70 237
0.242 -0.089 0.039 70 238
0.241 -0.089 0.039 70 239
0.250 -0.080 0.036 71 218
0.250 -0.081 0.036 71 219
0.251 -0.083 0.036 71 220
0.251 -0.083 0.036 71 221
0.251 -0.084 0.036 71 222
0.250 -0.084 0.036 71 223
0.250 -0.085 0.036 71 224
0.250 -0.086 0.036 71 225
0.249 -0.086 0.036 71 226
0.248 -0.086 0.037 71 227
0.248 -0.087 0.037 71 228
0.248 -0.088 0.037 71 229
0.248 -0.089 0.037 71 230
0.247 -0.089 0.037 71 231
0.246 -0.088 0.037 71 232
0.246 -0.089 0.037 71 233
0.245 -0.089 0.037 71 234
0.244 -0.089 0.037 71 235
0.243 -0.089 0.038 71 236
0.243 -0.090 0.038 71 237
0.242 -0.089 0.038 71 238
0.241 -0.089 0.038 71 239
0.250 -0.080 0.036 72 218
0.250 -0.081 0.036 72 219
0.251 -0.083 0.035 72 220
0.251 -0.084 0.035 72 221
0.251 -0.084 0.035 72 222
0.251 -0.085 0.035 72 223
0.250 -0.085 0.035 72 224
0.250 -0.086 0.035 72 225
0.249 -0.086 0.036 72 226
0.249 -0.087 0.036 72 227
0.248 -0.087 0.036 72 228
0.248 -0.088 0.036 72 229
0.247 -0.088 0.036 72 230
0.246 -0.088 0.036 72 231
0.246 -0.088 0.036 72 232
0.245 -0.088 0.036 72 233
0.244 -0.088 0.037 72 234
0.244 -0.089 0.037 72 235
0.243 -0.089 0.037 72 236
0.243 -0.090 0.037 72 237
0.242 -0.090 0.037 72 238
0.241 -0.089 0.037 72 239
0.251 -0.081 0.034 73 218
0.251 -0.082 0.034 73 219
0.251 -0.083 0.034 73 220
0.251 -0.084 0.034 73 221
0.251 -0.084 0.034 73 222
0.251 -0.085 0.034 73 223
0.251 -0.086 0.034 73 224
0.250 -0.086 0.035 73 225
0.249 -0.086 0.035 73 226
0.249 -0.087 0.035 73 227
0.249 -0.088 0.035 73 228
0.248 -0.088 0.035 73 229
0.247 -0.088 0.035 73 230
0.246 -0.088 0.035 73 231
0.246 -0.089 0.035 73 232
0.245 -0.088 0.036 73 233
0.244 -0.088 0.036 73 234
0.244 -0.089 0.036 73 235
0.243 -0.089 0.036 73 236
0.243 -0.090 0.036 73 237
0.243 -0.091 0.036 73 238
0.241 -0.089 0.036 73 239
0.252 -0.081 0.034 74 218
0.252 -0.082 0.034 74 219
0.252 -0.084 0.033 74 220
0.252 -0.085 0.033 74 221
0.251 -0.085 0.034 74 222
0.251 -0.085 0.034 74 223
0.251 -0.086 0.034 74 224
0.251 -0.087 0.033 74 225
0.250 -0.087 0.034 74 226
0.249 -0.087 0.034 74 227
0.249 -0.088 0.034 74 228
0.248 -0.088 0.034 74 229
0.248 -0.089 0.034 74 230
0.246 -0.088 0.035 74 231
0.246 -0.089 0.035 74 232
0.245 -0.088 0.035 74 233
0.245 -0.089 0.035 74 234
0.244 -0.089 0.035 74 235
0.243 -0.089 0.035 74 236
0.244 -0.091 0.035 74 237
0.243 -0.091 0.035 74 238
0.242 -0.091 0.035 74 239
0.251 -0.079 0.033 75 217
0.252 -0.081 0.033 75 218
0.252 -0.082 0.033 75 219
0.253 -0.084 0.033 75 220
0.252 -0.085 0.032 75 221
0.252 -0.086 0.032 75 222
0.251 -0.085 0.033 75 223
0.251 -0.086 0.033 75 224
0.251 -0.087 0.033 75 225
0.250 -0.087 0.033 75 226
0.250 -0.088 0.033 75 227
0.249 -0.088 0.033 75 228
0.249 -0.089 0.033 75 229
0.248 -0.089 0.033 75 230
0.247 -0.089 0.034 75 231
0.246 -0.089 0.034 75 232
0.245 -0.088 0.034 75 233
0.244 -0.088 0.034 75 234
0.244 -0.089 0.034 75 235
0.243 -0.089 0.035 75 236
0.243 -0.090 0.034 75 237
0.243 -0.091 0.034 75 238
0.242 -0.091 0.035 75 239
0.252 -0.080 0.032 76 217
0.253 -0.082 0.032 76 218
0.253 -0.083 0.032 76 219
0.253 -0.084 0.032 76 220
0.253 -0.085 0.032 76 221
0.251 -0.085 0.032 76 222
0.251 -0.086 0.032 76 223
0.251 -0.086 0.032 76 224
0.250 -0.086 0.032 76 225
0.250 -0.087 0.032 76 226
0.250 -0.088 0.032 76 227
0.249 -0.088 0.032 76 228
0.248 -0.088 0.033 76 229
0.248 -0.089 0.033 76 230
0.248 -0.090 0.032 76 231
0.247 -0.090 0.033 76 232
0.246 -0.090 0.033 76 233
0.245 -0.089 0.033 76 234
0.244 -0.089 0.033 76 235
0.243 -0.089 0.034 76 236
0.244 -0.091 0.033 76 237
0.243 -0.091 0.034 76 238
0.243 -0.092 0.034 76 239
0.252 -0.079 0.031 77 216
0.252 -0.080 0.031 77 217
0.252 -0.081 0.031 77 218
0.253 -0.083 0.031 77 219
0.253 -0.084 0.031 77 220
0.252 -0.084 0.031 77 221
0.252 -0.085 0.031 77 222
0.252 -0.086 0.031 77 223
0.251 -0.086 0.031 77 224
0.250 -0.086 0.031 77 225
0.250 -0.087 0.031 77 226
0.250 -0.088 0.031 77 227
0.249 -0.088 0.031 77 228
0.249 -0.089 0.031 77 229
0.248 -0.089 0.032 77 230
0.247 -0.089 0.032 77 231
0.247 -0.090 0.032 77 232
0.246 -0.090 0.032 77 233
0.246 -0.091 0.032 77 234
0.244 -0.089 0.033 77 235
0.244 -0.090 0.033 77 236
0.243 -0.090 0.033 77 237
0.243 -0.091 0.033 77 238
0.243 -0.092 0.033 77 239
0.348 0.010 0.003 78 111
0.348 -0.024 0.003 78 133
0.349 -0.026 0.003 78 134
0.252 -0.080 0.030 78 217
0.253 -0.082 0.030 78 218
0.253 -0.083 0.030 78 219
0.253 -0.084 0.030 78 220
0.252 -0.084 0.030 78 221
0.252 -0.085 0.030 78 222
0.252 -0.086 0.030 78 223
0.251 -0.086 0.031 78 224
0.251 -0.086 0.030 78 225
0.249 -0.086 0.031 78 226
0.249 -0.087 0.031 78 227
0.249 -0.088 0.031 78 228
0.248 -0.088 0.031 78 229
0.248 -0.089 0.031 78 230
0.247 -0.089 0.031 78 231
0.247 -0.090 0.031 78 232
0.246 -0.090 0.031 78 233
0.246 -0.091 0.031 78 234
0.245 -0.090 0.032 78 235
0.244 -0.090 0.032 78 236
0.243 -0.090 0.032 78 237
0.243 -0.091 0.032 78 238
0.243 -0.092 0.032 78 239
0.329 -0.009 0.008 79 124
0.343 -0.030 0.003 79 137
0.342 -0.032 0.003 79 138
0.252 -0.079 0.030 79 216
0.252 -0.080 0.030 79 217
0.252 -0.081 0.030 79 218
0.252 -0.082 0.030 79 219
0.253 -0.084 0.029 79 220
0.252 -0.084 0.029 79 221
0.252 -0.085 0.029 79 222
0.251 -0.085 0.030 79 223
0.251 -0.086 0.030 79 224
0.250 -0.085 0.030 79 225
0.250 -0.086 0.030 79 226
0.250 -0.087 0.030 79 227
0.249 -0.088 0.030 79 228
0.248 -0.088 0.030 79 229
0.248 -0.089 0.030 79 230
0.247 -0.089 0.030 79 231
0.247 -0.090 0.030 79 232
0.246 -0.090 0.031 79 233
0.246 -0.091 0.031 79 234
0.245 -0.090 0.031 79 235
0.244 -0.090 0.031 79 236
0.244 -0.091 0.031 79 237
0.242 -0.090 0.032 79 238
0.243 -0.092 0.031 79 239
0.330 0.015 0.006 80 107
0.333 0.014 0.005 80 108
0.327 -0.010 0.007 80 125
0.251 -0.078 0.029 80 216
0.252 -0.080 0.029 80 217
0.252 -0.081 0.029 80 218
0.252 -0.082 0.029 80 219
0.252 -0.083 0.029 80 220
0.252 -0.084 0.029 80 221
0.252 -0.085 0.029 80 222
0.251 -0.085 0.029 80 223
0.250 -0.085 0.029 80 224
0.250 -0.086 0.029 80 225
0.250 -0.086 0.029 80 226
0.250 -0.087 0.029 80 227
0.249 -0.087 0.029 80 228
0.249 -0.088 0.029 80 229
0.247 -0.088 0.030 80 230
0.247 -0.089 0.030 80 231
0.247 -0.090 0.030 80 232
0.246 -0.090 0.030 80 233
0.245 -0.090 0.030 80 234
0.245 -0.091 0.030 80 235
0.244 -0.090 0.030 80 236
0.243 -0.090 0.031 80 237
0.243 -0.091 0.031 80 238
0.242 -0.091 0.031 80 239
0.325 0.010 0.006 81 110
0.325 0.009 0.006 81 111
0.328 0.006 0.005 81 113
0.328 0.005 0.005 81 114
0.324 -0.006 0.006 81 122
0.333 -0.016 0.003 81 129
0.331 -0.049 0.004 81 151
0.328 -0.051 0.004 81 153
0.331 -0.061 0.003 81 159
0.252 -0.080 0.028 81 217
0.252 -0.081 0.028 81 218
0.253 -0.083 0.028 81 219
0.252 -0.083 0.028 81 220
0.252 -0.084 0.028 81 221
0.251 -0.084 0.028 81 222
0.251 -0.085 0.028 81 223
0.250 -0.085 0.028 81 224
0.250 -0.086 0.028 81 225
0.250 -0.086 0.028 81 226
0.249 -0.086 0.029 81 227
0.249 -0.087 0.029 81 228
0.248 -0.087 0.029 81 229
0.248 -0.088 0.029 81 230
0.247 -0.088 0.029 81 231
0.246 -0.089 0.029 81 232
0.245 -0.089 0.029 81 233
0.245 -0.090 0.029 81 234
0.244 -0.089 0.030 81 235
0.244 -0.090 0.030 81 236
0.243 -0.090 0.030 81 237
0.243 -0.091 0.030 81 238
0.243 -0.092 0.030 81 239
0.330 0.030 0.003 82 97
0.329 0.028 0.003 82 98
0.321 0.015 0.006 82 106
0.321 0.014 0.006 82 107
0.321 0.013 0.006 82 108
0.321 0.011 0.006 82 109
0.320 0.010 0.006 82 110
0.322 0.007 0.005 82 112
0.320 0.006 0.006 82 113
0.321 0.004 0.006 82 114
0.319 0.003 0.006 82 115
0.317 0.002 0.007 82 116
0.317 -0.003 0.007 82 120
0.319 -0.004 0.007 82 121
0.319 -0.006 0.007 82 122
0.325 -0.013 0.005 82 127
0.330 -0.031 0.003 82 139
0.323 -0.052 0.005 82 155
0.328 -0.075 0.003 82 169
0.251 -0.078 0.028 82 216
0.252 -0.080 0.027 82 217
0.252 -0.081 0.027 82 218
0.252 -0.082 0.027 82 219
0.252 -0.083 0.027 82 220
0.252 -0.084 0.027 82 221
0.251 -0.084 0.027 82 222
0.250 -0.084 0.028 82 223
0.250 -0.085 0.028 82 224
0.250 -0.086 0.028 82 225
0.250 -0.087 0.027 82 226
0.250 -0.087 0.027 82 227
0.249 -0.087 0.028 82 228
0.248 -0.087 0.028 82 229
0.248 -0.088 0.028 82 230
0.247 -0.088 0.028 82 231
0.247 -0.089 0.028 82 232
0.246 -0.089 0.029 82 233
0.245 -0.089 0.029 82 234
0.244 -0.090 0.029 82 235
0.243 -0.089 0.029 82 236
0.243 -0.090 0.029 82 237
0.243 -0.091 0.029 82 238
0.242 -0.091 0.029 82 239
0.323 0.025 0.004 83 99
0.325 0.024 0.003 83 100
0.324 0.023 0.003 83 101
0.317 0.011 0.006 83 109
0.319 0.010 0.005 83 110
0.317 0.003 0.006 83 115
0.315 0.000 0.006 83 117
0.315 -0.003 0.006 83 120
0.316 -0.004 0.006 83 121
0.317 -0.005 0.006 83 122
0.321 -0.007 0.004 83 123
0.326 -0.016 0.003 83 129
0.326 -0.017 0.003 83 130
0.326 -0.019 0.003 83 131
0.329 -0.029 0.001 83 138
0.324 -0.031 0.003 83 140
0.320 -0.033 0.004 83 142
0.318 -0.042 0.005 83 149
0.317 -0.044 0.005 83 150
0.321 -0.048 0.004 83 152
0.318 -0.048 0.005 83 153
0.319 -0.050 0.005 83 154
0.322 -0.058 0.003 83 159
0.321 -0.059 0.004 83 160
0.318 -0.059 0.005 83 161
0.317 -0.064 0.005 83 165
0.320 -0.070 0.004 83 168
0.323 -0.074 0.003 83 170
0.323 -0.084 0.003 83 177
0.324 -0.088 0.002 83 179
0.322 -0.088 0.003 83 180
0.252 -0.079 0.026 83 216
0.252 -0.080 0.026 83 217
0.252 -0.081 0.026 83 218
0.252 -0.082 0.026 83 219
0.252 -0.083 0.026 83 220
0.251 -0.083 0.027 83 221
0.251 -0.084 0.026 83 222
0.250 -0.084 0.027 83 223
0.250 -0.085 0.027 83 224
0.250 -0.086 0.027 83 225
0.249 -0.086 0.027 83 226
0.249 -0.086 0.027 83 227
0.249 -0.087 0.027 83 228
0.248 -0.087 0.027 83 229
0.247 -0.087 0.028 83 230
0.247 -0.088 0.028 83 231
0.247 -0.089 0.027 83 232
0.246 -0.089 0.028 83 233
0.245 -0.089 0.028 83 234
0.245 -0.090 0.028 83 235
0.244 -0.089 0.028 83 236
0.243 -0.089 0.029 83 237
0.242 -0.090 0.029 83 238
0.242 -0.091 0.029 83 239
0.309 0.055 0.007 84 74
0.317 0.039 0.004 84 88
0.315 0.037 0.005 84 89
0.318 0.027 0.004 84 97
0.317 0.024 0.004 84 99
0.322 0.024 0.003 84 100
0.320 0.022 0.003 84 101
0.320 0.019 0.003 84 103
0.317 0.018 0.004 84 104
0.314 0.016 0.005 84 105
0.314 0.015 0.005 84 106
0.313 0.012 0.006 84 108
0.314 0.011 0.005 84 109
0.313 0.009 0.006 84 110
0.313 0.008 0.006 84 111
0.311 0.007 0.007 84 112
0.309 0.004 0.007 84 114
0.309 0.003 0.007 84 115
0.313 -0.004 0.006 84 121
0.315 -0.005 0.005 84 122
0.319 -0.010 0.004 84 125
0.324 -0.013 0.002 84 127
0.324 -0.014 0.002 84 128
0.323 -0.017 0.002 84 130
0.322 -0.018 0.003 84 131
0.321 -0.028 0.003 84 138
0.317 -0.030 0.004 84 140
0.318 -0.031 0.004 84 141
0.314 -0.047 0.005 84 153
0.315 -0.051 0.005 84 156
0.315 -0.052 0.005 84 157
0.316 -0.054 0.004 84 158
0.317 -0.056 0.004 84 159
0.320 -0.081 0.002 84 176
0.318 -0.083 0.003 84 178
0.317 -0.090 0.003 84 183
0.316 -0.091 0.004 84 184
0.252 -0.079 0.025 84 216
0.252 -0.080 0.025 84 217
0.252 -0.081 0.025 84 218
0.252 -0.082 0.025 84 219
0.252 -0.083 0.025 84 220
0.251 -0.083 0.026 84 221
0.251 -0.084 0.026 84 222
0.250 -0.084 0.026 84 223
0.250 -0.085 0.026 84 224
0.250 -0.086 0.026 84 225
0.249 -0.086 0.026 84 226
0.249 -0.087 0.026 84 227
0.248 -0.086 0.026 84 228
0.248 -0.087 0.026 84 229
0.247 -0.087 0.027 84 230
0.246 -0.087 0.027 84 231
0.246 -0.088 0.027 84 232
0.246 -0.089 0.027 84 233
0.245 -0.089 0.027 84 234
0.245 -0.090 0.027 84 235
0.245 -0.091 0.027 84 236
0.244 -0.090 0.027 84 237
0.243 -0.091 0.027 84 238
0.242 -0.091 0.028 84 239
0.304 0.057 0.007 85 71
0.312 0.033 0.005 85 92
0.316 0.019 0.003 85 103
0.314 0.017 0.004 85 104
0.312 0.016 0.005 85 105
0.310 0.013 0.006 85 107
0.311 0.008 0.005 85 111
0.307 0.006 0.007 85 112
0.315 -0.008 0.004 85 124
0.319 -0.014 0.002 85 128
0.319 -0.015 0.002 85 129
0.319 -0.016 0.002 85 130
0.318 -0.018 0.003 85 131
0.319 -0.019 0.002 85 132
0.315 -0.024 0.004 85 136
0.312 -0.028 0.004 85 139
0.313 -0.032 0.004 85 142
0.311 -0.034 0.005 85 144
0.310 -0.035 0.005 85 145
0.311 -0.042 0.005 85 150
0.313 -0.046 0.004 85 153
0.313 -0.048 0.004 85 154
0.312 -0.049 0.004 85 155
0.313 -0.050 0.004 85 156
0.314 -0.052 0.004 85 157
0.313 -0.053 0.004 85 158
0.312 -0.054 0.004 85 159
0.313 -0.056 0.004 85 160
0.312 -0.057 0.004 85 161
0.309 -0.057 0.005 85 162
0.307 -0.057 0.006 85 163
0.306 -0.058 0.006 85 164
0.305 -0.059 0.007 85 165
0.305 -0.062 0.007 85 167
0.315 -0.079 0.003 85 176
0.316 -0.082 0.002 85 178
0.311 -0.106 0.004 85 197
0.311 -0.113 0.003 85 202
0.251 -0.078 0.025 85 215
0.252 -0.079 0.025 85 216
0.252 -0.080 0.025 85 217
0.253 -0.082 0.024 85 218
0.253 -0.083 0.024 85 219
0.252 -0.083 0.025 85 220
0.251 -0.083 0.025 85 221
0.250 -0.083 0.025 85 222
0.250 -0.084 0.025 85 223
0.250 -0.085 0.025 85 224
0.250 -0.086 0.025 85 225
0.249 -0.086 0.025 85 226
0.248 -0.086 0.026 85 227
0.248 -0.086 0.026 85 228
0.248 -0.087 0.026 85 229
0.247 -0.087 0.026 85 230
0.246 -0.087 0.026 85 231
0.246 -0.088 0.026 85 232
0.245 -0.088 0.027 85 233
0.245 -0.089 0.027 85 234
0.245 -0.090 0.026 85 235
0.244 -0.090 0.027 85 236
0.244 -0.090 0.027 85 237
0.244 -0.091 0.027 85 238
0.243 -0.091 0.027 85 239
0.307 0.027 0.005 86 96
0.311 0.025 0.004 86 98
0.312 0.021 0.003 86 101
0.311 0.018 0.004 86 103
0.311 0.017 0.004 86 104
0.308 0.015 0.005 86 105
0.307 0.014 0.005 86 106
0.306 0.013 0.006 86 107
0.306 0.011 0.006 86 108
0.304 0.010 0.006 86 109
0.304 0.009 0.006 86 110
0.310 -0.005 0.004 86 122
0.315 -0.008 0.002 86 124
0.316 -0.009 0.002 86 125
0.317 -0.011 0.002 86 126
0.318 -0.012 0.001 86 127
0.317 -0.015 0.002 86 129
0.317 -0.016 0.002 86 130
0.318 -0.018 0.001 86 131
0.316 -0.019 0.002 86 132
0.311 -0.022 0.004 86 135
0.311 -0.023 0.004 86 136
0.309 -0.024 0.004 86 137
0.309 -0.026 0.004 86 138
0.308 -0.027 0.005 86 139
0.307 -0.041 0.005 86 150
0.309 -0.048 0.004 86 155
0.309 -0.049 0.004 86 156
0.310 -0.053 0.004 86 159
0.307 -0.056 0.005 86 162
0.305 -0.057 0.005 86 163
0.304 -0.058 0.006 86 164
0.302 -0.058 0.006 86 165
0.302 -0.059 0.006 86 166
0.304 -0.061 0.006 86 167
0.306 -0.065 0.005 86 169
0.315 -0.086 0.001 86 181
0.304 -0.091 0.005 86 190
0.304 -0.098 0.005 86 195
0.306 -0.102 0.004 86 197
0.307 -0.104 0.004 86 198
0.306 -0.106 0.004 86 200
0.307 -0.109 0.003 86 201
0.252 -0.079 0.024 86 215
0.252 -0.080 0.024 86 216
0.252 -0.080 0.024 86 217
0.253 -0.082 0.023 86 218
0.252 -0.082 0.024 86 219
0.252 -0.083 0.024 86 220
0.251 -0.083 0.024 86 221
0.251 -0.084 0.024 86 222
0.251 -0.085 0.024 86 223
0.250 -0.085 0.024 86 224
0.249 -0.085 0.025 86 225
0.249 -0.086 0.025 86 226
0.248 -0.086 0.025 86 227
0.247 -0.085 0.025 86 228
0.247 -0.086 0.025 86 229
0.246 -0.086 0.026 86 230
0.246 -0.087 0.025 86 231
0.245 -0.087 0.026 86 232
0.245 -0.088 0.026 86 233
0.245 -0.089 0.026 86 234
0.244 -0.089 0.026 86 235
0.244 -0.090 0.026 86 236
0.244 -0.091 0.026 86 237
0.244 -0.092 0.026 86 238
0.243 -0.091 0.026 86 239
0.296 0.056 0.007 87 69
0.296 0.053 0.008 87 72
0.302 0.049 0.005 87 77
0.305 0.048 0.004 87 79
0.305 0.037 0.004 87 87
0.305 0.036 0.004 87 88
0.306 0.035 0.004 87 89
0.306 0.034 0.004 87 90
0.306 0.031 0.004 87 92
0.306 0.030 0.004 87 93
0.306 0.029 0.004 87 94
0.306 0.024 0.004 87 98
0.305 0.021 0.005 87 100
0.306 0.020 0.004 87 101
0.305 0.019 0.005 87 102
0.307 0.018 0.004 87 103
0.300 0.010 0.007 87 109
0.301 0.009 0.006 87 110
0.304 0.008 0.005 87 111
0.306 -0.003 0.004 87 120
0.309 -0.004 0.003 87 121
0.309 -0.005 0.003 87 122
0.310 -0.006 0.003 87 123
0.313 -0.008 0.002 87 124
0.312 -0.010 0.002 87 126
0.309 -0.015 0.003 87 130
0.308 -0.017 0.004 87 131
0.306 -0.018 0.004 87 132
0.304 -0.019 0.005 87 133
0.301 -0.024 0.006 87 138
0.304 -0.027 0.005 87 140
0.305 -0.029 0.004 87 141
0.305 -0.030 0.004 87 142
0.307 -0.032 0.004 87 143
0.306 -0.033 0.004 87 144
0.304 -0.035 0.005 87 146
0.303 -0.036 0.005 87 147
0.307 -0.048 0.004 87 156
0.308 -0.050 0.003 87 157
0.309 -0.052 0.003 87 158
0.310 -0.053 0.002 87 159
0.311 -0.055 0.002 87 160
0.310 -0.056 0.002 87 161
0.304 -0.058 0.004 87 164
0.303 -0.058 0.005 87 165
0.301 -0.059 0.006 87 166
0.304 -0.061 0.004 87 167
0.304 -0.063 0.004 87 168
0.304 -0.064 0.004 87 169
0.308 -0.067 0.003 87 170
0.307 -0.068 0.003 87 171
0.306 -0.069 0.004 87 172
0.309 -0.072 0.002 87 173
0.307 -0.075 0.003 87 176
0.311 -0.085 0.001 87 182
0.304 -0.087 0.004 87 187
0.304 -0.090 0.004 87 189
0.299 -0.089 0.006 87 191
0.297 -0.091 0.006 87 193
0.297 -0.092 0.006 87 194
0.299 -0.095 0.006 87 195
0.299 -0.096 0.005 87 196
0.300 -0.098 0.005 87 197
0.302 -0.102 0.004 87 199
0.303 -0.104 0.004 87 200
0.252 -0.079 0.023 87 215
0.252 -0.080 0.023 87 216
0.252 -0.080 0.023 87 217
0.252 -0.081 0.023 87 218
0.252 -0.082 0.023 87 219
0.252 -0.083 0.023 87 220
0.252 -0.084 0.023 87 221
0.251 -0.084 0.023 87 222
0.251 -0.085 0.023 87 223
0.250 -0.085 0.023 87 224
0.250 -0.086 0.023 87 225
0.249 -0.086 0.024 87 226
0.248 -0.086 0.024 87 227
0.247 -0.086 0.024 87 228
0.247 -0.086 0.024 87 229
0.246 -0.086 0.025 87 230
0.246 -0.087 0.025 87 231
0.246 -0.088 0.025 87 232
0.245 -0.088 0.025 87 233
0.245 -0.089 0.025 87 234
0.245 -0.090 0.025 87 235
0.245 -0.091 0.025 87 236
0.244 -0.091 0.025 87 237
0.244 -0.092 0.025 87 238
0.244 -0.093 0.025 87 239
0.304 0.047 0.003 88 79
0.304 0.046 0.003 88 80
0.303 0.044 0.004 88 81
0.305 0.042 0.003 88 83
0.302 0.038 0.004 88 86
0.302 0.035 0.004 88 88
0.304 0.035 0.004 88 89
0.305 0.034 0.003 88 90
0.302 0.032 0.004 88 91
0.303 0.031 0.004 88 92
0.304 0.030 0.004 88 93
0.304 0.028 0.004 88 94
0.305 0.027 0.003 88 95
0.301 0.019 0.005 88 101
0.301 0.018 0.005 88 102
0.301 0.017 0.005 88 103
0.301 0.016 0.005 88 104
0.301 0.010 0.005 88 109
0.298 0.008 0.006 88 110
0.301 -0.004 0.005 88 121
0.304 -0.005 0.004 88 122
0.306 -0.006 0.003 88 123
0.306 -0.008 0.003 88 124
0.308 -0.009 0.002 88 125
0.306 -0.013 0.003 88 128
0.305 -0.014 0.004 88 129
0.304 -0.015 0.004 88 130
0.302 -0.016 0.005 88 131
0.303 -0.017 0.004 88 132
0.301 -0.021 0.005 88 135
0.300 -0.022 0.006 88 136
0.302 -0.023 0.005 88 137
0.301 -0.024 0.005 88 138
0.299 -0.025 0.006 88 139
0.301 -0.028 0.005 88 141
0.302 -0.029 0.004 88 142
0.303 -0.031 0.004 88 143
0.303 -0.032 0.004 88 144
0.302 -0.033 0.004 88 145
0.301 -0.035 0.005 88 147
0.300 -0.036 0.005 88 148
0.299 -0.037 0.005 88 149
0.301 -0.039 0.005 88 150
0.301 -0.043 0.005 88 153
0.302 -0.044 0.004 88 154
0.303 -0.046 0.004 88 155
0.304 -0.047 0.003 88 156
0.306 -0.049 0.003 88 157
0.309 -0.054 0.001 88 160
0.307 -0.055 0.002 88 161
0.305 -0.055 0.003 88 162
0.301 -0.056 0.004 88 164
0.300 -0.057 0.005 88 165
0.298 -0.058 0.006 88 166
0.301 -0.060 0.004 88 167
0.300 -0.061 0.005 88 168
0.301 -0.063 0.004 88 169
0.303 -0.065 0.003 88 170
0.301 -0.065 0.004 88 171
0.301 -0.066 0.004 88 172
0.301 -0.068 0.004 88 173
0.301 -0.069 0.004 88 174
0.301 -0.070 0.004 88 175
0.302 -0.072 0.004 88 176
0.305 -0.075 0.003 88 177
0.305 -0.076 0.002 88 178
0.305 -0.078 0.002 88 179
0.307 -0.080 0.002 88 180
0.306 -0.081 0.002 88 181
0.307 -0.084 0.002 88 183
0.307 -0.087 0.001 88 185
0.300 -0.085 0.004 88 187
0.299 -0.086 0.005 88 188
0.299 -0.087 0.004 88 189
0.295 -0.086 0.006 88 190
0.294 -0.086 0.006 88 191
0.296 -0.089 0.006 88 192
0.293 -0.088 0.007 88 193
0.295 -0.092 0.006 88 195
0.252 -0.079 0.022 88 215
0.252 -0.080 0.022 88 216
0.252 -0.081 0.022 88 217
0.252 -0.081 0.022 88 218
0.252 -0.082 0.022 88 219
0.251 -0.082 0.022 88 220
0.251 -0.083 0.022 88 221
0.251 -0.084 0.022 88 222
0.251 -0.085 0.022 88 223
0.250 -0.085 0.023 88 224
0.249 -0.085 0.023 88 225
0.249 -0.086 0.023 88 226
0.248 -0.086 0.023 88 227
0.247 -0.086 0.024 88 228
0.247 -0.087 0.024 88 229
0.246 -0.086 0.024 88 230
0.245 -0.086 0.024 88 231
0.245 -0.087 0.024 88 232
0.245 -0.088 0.024 88 233
0.245 -0.089 0.024 88 234
0.245 -0.090 0.024 88 235
0.245 -0.091 0.024 88 236
0.244 -0.091 0.024 88 237
0.245 -0.093 0.024 88 238
0.245 -0.094 0.024 88 239
0.297 0.089 0.004 89 42
0.290 0.051 0.008 89 71
0.303 0.044 0.003 89 81
0.302 0.039 0.003 89 85
0.301 0.036 0.004 89 87
0.300 0.035 0.004 89 88
0.299 0.032 0.004 89 90
0.299 0.031 0.004 89 91
0.301 0.027 0.004 89 95
0.301 0.025 0.004 89 96
0.301 0.024 0.004 89 97
0.302 0.023 0.003 89 98
0.300 0.022 0.004 89 99
0.300 0.020 0.004 89 100
0.300 0.019 0.004 89 101
0.299 0.018 0.005 89 102
0.299 0.017 0.005 89 103
0.299 0.016 0.005 89 104
0.298 0.014 0.005 89 105
0.298 0.013 0.005 89 106
0.298 0.012 0.005 89 107
0.298 0.011 0.005 89 108
0.298 0.010 0.005 89 109
0.299 0.008 0.005 89 110
0.303 -0.005 0.003 89 122
0.303 -0.006 0.003 89 123
0.306 -0.008 0.002 89 124
0.306 -0.009 0.002 89 125
0.304 -0.010 0.003 89 126
0.303 -0.012 0.003 89 128
0.300 -0.016 0.004 89 131
0.299 -0.018 0.005 89 133
0.298 -0.019 0.005 89 134
0.297 -0.021 0.005 89 136
0.296 -0.022 0.005 89 137
0.301 -0.032 0.003 89 144
0.301 -0.033 0.003 89 145
0.298 -0.035 0.005 89 147
0.297 -0.037 0.005 89 149
0.296 -0.038 0.005 89 150
0.297 -0.039 0.005 89 151
0.297 -0.040 0.005 89 152
0.297 -0.041 0.005 89 153
0.297 -0.043 0.005 89 154
0.298 -0.044 0.004 89 155
0.301 -0.046 0.003 89 156
0.303 -0.048 0.002 89 157
0.303 -0.050 0.002 89 158
0.301 -0.054 0.003 89 162
0.301 -0.055 0.003 89 163
0.301 -0.056 0.003 89 164
0.299 -0.057 0.004 89 165
0.297 -0.057 0.005 89 166
0.299 -0.059 0.004 89 167
0.299 -0.062 0.004 89 169
0.296 -0.064 0.005 89 172
0.294 -0.064 0.006 89 173
0.296 -0.066 0.005 89 174
0.298 -0.069 0.004 89 175
0.299 -0.070 0.004 89 176
0.300 -0.072 0.003 89 177
0.304 -0.076 0.002 89 178
0.304 -0.077 0.002 89 179
0.303 -0.078 0.002 89 180
0.304 -0.080 0.001 89 181
0.306 -0.082 0.001 89 182
0.307 -0.084 0.000 89 183
0.305 -0.084 0.001 89 184
0.303 -0.084 0.002 89 185
0.296 -0.084 0.004 89 188
0.291 -0.083 0.006 89 190
0.289 -0.085 0.007 89 193
0.292 -0.091 0.006 89 196
0.290 -0.093 0.006 89 199
0.289 -0.096 0.007 89 202
0.291 -0.099 0.006 89 203
0.252 -0.079 0.021 89 215
0.252 -0.080 0.021 89 216
0.252 -0.081 0.021 89 217
0.253 -0.082 0.021 89 218
0.252 -0.082 0.021 89 219
0.252 -0.083 0.021 89 220
0.251 -0.083 0.022 89 221
0.250 -0.083 0.022 89 222
0.250 -0.084 0.022 89 223
0.249 -0.084 0.022 89 224
0.249 -0.085 0.022 89 225
0.248 -0.085 0.023 89 226
0.248 -0.086 0.022 89 227
0.247 -0.086 0.023 89 228
0.247 -0.087 0.023 89 229
0.246 -0.086 0.023 89 230
0.246 -0.087 0.023 89 231
0.246 -0.088 0.023 89 232
0.245 -0.088 0.023 89 233
0.245 -0.089 0.023 89 234
0.244 -0.089 0.024 89 235
0.244 -0.090 0.024 89 236
0.244 -0.091 0.024 89 237
0.244 -0.092 0.023 89 238
0.244 -0.093 0.023 89 239
